%YAML:1.0
---
cam_mat: !!opencv-matrix
   rows: 3
   cols: 3
   dt: d
   data: [ 6.3605697819165437e+02, 0., 6.2334532805893753e+02, 0.,
       6.3591998258369324e+02, 3.7075499158621523e+02, 0., 0., 1. ]
distort: !!opencv-matrix
   rows: 5
   cols: 1
   dt: d
   data: [ -4.9953193727057428e-02, 5.4028904252021233e-02,
       6.4372581704212628e-04, 7.8578582953396355e-04,
       -1.6287218622884830e-02 ]
