%YAML:1.0
---
cam_mat: !!opencv-matrix
   rows: 3
   cols: 3
   dt: d
   data: [ 6.3882222129498768e+02, 0., 6.2135642491304714e+02, 0.,
       6.3687793254671544e+02, 3.6862170357122790e+02, 0., 0., 1. ]
distort: !!opencv-matrix
   rows: 1
   cols: 5
   dt: d
   data: [ -4.8957769761852336e-02, 5.1251915551335209e-02,
       -3.4498427284589226e-04, 2.5689377894860851e-05,
       -1.2267718274670516e-02 ]
